43 679
49 679
51 679
58 680
63 680
70 680
78 680
84 680
89 680
95 680
99 683
109 688
114 692
118 695
124 702
126 705
130 713
133 720
134 727
134 732
134 737
133 740
130 740
122 743
116 744
108 747
101 747
96 747
88 741
82 736
77 731
70 725
66 717
62 712
58 704
55 697
53 687
51 677
48 670
49 657
51 647
54 639
56 636
64 630
71 626
80 625
88 622
96 622
104 621
114 620
125 620
130 622
133 624
210 753
210 751
210 734
210 724
210 712
210 699
211 685
213 671
215 652
211 631
207 611
207 604
208 618
209 633
210 648
211 667
215 678
215 687
218 697
220 707
226 712
233 715
241 722
250 725
261 729
270 732
278 733
288 734
296 734
306 734
309 730
311 727
360 745
358 734
357 727
357 720
356 707
353 699
353 684
353 671
358 657
359 644
357 635
353 625
351 606
351 601
355 618
356 635
356 654
356 668
359 678
366 693
370 698
378 708
383 712
394 719
405 724
414 725
424 725
436 725
444 721
481 716
478 712
476 696
475 681
472 666
471 651
471 644
476 630
481 624
490 615
495 610
501 609
506 607
514 606
523 608
529 610
533 612
541 618
545 623
550 633
551 637
554 647
554 653
555 660
555 669
555 675
550 687
548 693
545 703
542 710
533 719
527 723
521 725
512 728
503 730
497 730
490 730
483 722
475 710
472 697
472 685
600 737
595 729
596 721
599 711
601 700
604 687
604 680
605 667
605 656
608 647
609 639
610 621
611 612
613 607
613 614
613 620
612 634
610 645
608 657
607 664
607 675
611 683
613 689
615 695
620 702
626 708
631 714
641 719
648 722
654 724
656 725
664 725
669 727
680 727
684 724
689 719
693 715
719 614
728 614
730 614
736 615
738 615
744 615
749 615
751 615
755 615
760 615
766 615
769 617
775 617
779 617
786 615
791 615
793 615
799 615
801 615
903 725
902 728
898 733
893 734
888 735
882 735
876 735
868 735
863 731
860 725
856 721
852 716
848 710
846 705
843 700
842 695
841 690
841 682
843 679
843 670
843 665
843 661
843 655
846 649
851 646
855 644
863 640
865 636
871 632
878 629
884 629
888 627
898 627
904 627
910 627
918 632
920 637
920 640
956 711
956 706
956 697
956 689
956 679
956 672
956 664
958 659
963 651
965 647
966 644
971 639
976 634
984 630
990 629
998 629
1003 629
1006 629
1010 633
1013 637
1015 643
1019 650
1019 655
1020 659
1023 669
1024 674
1025 682
1025 685
1026 690
1028 697
1028 700
1028 708
1028 715
1028 719
1027 725
1025 729
1020 732
1012 735
1007 737
997 738
987 738
985 738
978 735
973 732
967 729
962 722
957 712
958 714
1051 714
1051 712
1050 701
1046 695
1046 689
1048 680
1053 674
1053 662
1054 657
1058 651
1064 646
1069 641
1075 640
1080 640
1088 640
1090 640
1095 640
1099 642
1101 647
1104 648
1108 650
1110 655
1113 663
1113 668
1113 669
1114 675
1115 679
1115 684
1116 688
1119 695
1120 700
1120 708
1120 714
1117 720
1116 724
1115 728
1112 730
1110 734
1105 738
1101 739
1095 742
1090 742
1086 743
1078 744
1076 744
1072 742
1070 740
1066 737
1062 734
1060 729
1056 724
1053 720
1050 715
1048 707
1047 702
1047 697
1139 742
1139 740
1141 727
1141 720
1143 714
1143 709
1143 699
1143 691
1144 687
1146 679
1146 675
1148 669
1148 667
1148 664
1148 657
1148 646
1148 644
1148 636
1148 626
1148 622
1148 621
1148 625
1148 634
1148 643
1147 653
1146 659
1146 670
1146 678
1146 688
1146 693
1149 700
1150 707
1155 713
1160 720
1163 723
1165 725
1169 728
1171 730
1176 732
1186 735
1191 735
1199 735
1208 735
1216 734
1216 732
1221 731
1221 731
1295 677
1291 680
1285 689
1275 694
1268 697
1261 697
1258 697
1255 697
1250 691
1246 686
1242 680
1241 675
1241 671
1240 667
1240 659
1240 657
1240 652
1243 646
1245 644
1254 641
1261 640
1269 639
1276 636
1280 637
1286 645
1289 654
1290 662
1293 670
1294 678
1294 688
1293 693
1292 703
1292 713
1292 722
1293 730
1294 745
1294 752
1294 747
1294 737
1294 719
1295 709
1296 696
1296 685
1298 669
1298 660
1300 652
1305 650
1319 646
1319 646
1319 646
1321 645
1412 744
1410 744
1402 744
1397 744
1390 744
1385 744
1381 742
1377 742
1376 741
1373 740
1370 735
1367 731
1365 727
1363 724
1360 717
1356 711
1356 710
1363 707
1366 705
1373 704
1380 702
1386 700
1393 697
1400 694
1404 691
1406 687
1409 680
1410 676
1407 671
1401 665
1397 662
1396 662
1392 661
1390 660
1385 659
1378 655
1373 654
1370 652
1365 651
1360 651
1353 651
1353 651